10500
sons/Level4.ogg
1
decors/asteroide1/description
1041
1 10 471 4 0
1 28 421 2 -3
1 28 0 2 3
1 44 587 1 -3
1 45 357 6 -4
1 47 490 5 -1
1 55 73 6 2
1 72 599 4 2
1 75 73 3 -3
1 79 44 1 4
1 97 154 1 0
1 115 99 3 -1
1 130 557 5 -2
1 137 247 3 3
1 154 235 2 4
1 173 594 5 3
1 175 339 6 2
1 191 146 6 1
1 192 191 6 -3
1 208 12 2 2
1 218 29 4 -4
1 220 371 5 -2
1 235 114 1 -2
1 238 86 1 0
1 240 190 6 4
1 245 379 2 -5
1 257 541 1 -5
1 266 231 2 -2
1 283 111 1 1
1 283 7 3 -3
1 289 29 2 -4
1 295 540 6 -4
1 295 358 5 -3
1 300 249 6 4
1 301 450 5 2
1 302 490 2 0
1 316 326 2 0
1 334 236 4 -2
1 338 462 2 -1
1 345 447 1 -2
1 362 182 2 0
1 366 18 1 -3
1 368 75 5 -1
1 378 544 2 -1
1 389 241 1 1
1 390 326 4 -2
1 407 396 1 0
1 407 557 4 -2
1 415 532 1 -4
1 430 497 5 1
1 440 472 1 -4
1 457 228 3 4
1 464 209 1 1
1 465 50 6 4
1 479 374 3 2
1 489 598 1 -3
1 492 338 2 3
1 496 6 1 0
1 504 237 6 -1
1 518 361 5 0
1 532 327 5 -5
1 551 286 1 4
1 568 559 5 -1
1 586 461 5 3
1 602 380 1 -2
1 612 591 2 -3
1 628 110 1 3
1 633 551 3 1
1 639 226 4 1
1 647 297 1 4
1 652 204 5 1
1 657 53 6 1
1 668 394 1 4
1 669 418 2 0
1 684 160 5 -2
1 684 146 3 -1
1 687 263 5 0
1 691 89 3 3
1 708 294 6 1
1 723 598 6 -4
1 723 294 3 -2
1 741 105 5 2
1 744 403 3 -1
1 753 4 2 -3
1 770 433 4 1
1 776 183 1 4
1 783 482 2 3
1 794 63 6 2
1 796 521 4 2
1 803 250 3 -4
1 809 167 4 -1
1 827 55 2 1
1 831 251 3 -5
1 832 468 1 -2
1 835 66 2 1
1 840 407 4 1
1 853 420 3 4
1 853 226 3 4
1 868 534 2 2
1 874 370 6 3
1 884 531 2 -5
1 889 380 5 -3
1 897 25 3 0
1 900 456 1 2
1 906 427 6 -2
1 918 27 4 -2
1 929 269 2 -4
1 948 30 4 0
1 965 182 4 0
1 982 357 3 -2
1 982 463 5 -5
1 989 454 3 -1
1 1008 3 4 -4
1 1024 487 6 3
1 1025 161 1 1
1 1036 188 4 3
1 1049 342 3 1
1 1051 242 4 1
1 1059 588 5 -4
1 1066 327 5 3
1 1085 335 1 2
1 1090 559 6 -2
1 1100 113 1 -2
1 1111 296 1 0
1 1122 193 3 1
1 1127 465 5 4
1 1137 218 4 -3
1 1137 151 4 2
1 1151 92 5 2
1 1164 455 4 0
1 1173 32 5 -2
1 1191 409 4 -3
1 1202 68 2 -4
1 1203 483 4 -4
1 1216 5 6 4
1 1222 213 5 -5
1 1240 423 6 1
1 1252 313 3 3
1 1263 369 2 1
1 1264 324 3 3
1 1274 163 1 0
1 1282 113 5 4
1 1290 507 5 -5
1 1300 580 1 1
1 1305 389 2 2
1 1310 316 5 -4
1 1310 453 6 -4
1 1312 284 4 4
1 1317 33 4 -2
1 1319 471 4 -2
1 1332 196 5 2
1 1348 321 3 -5
1 1367 464 1 -3
1 1380 245 5 1
1 1387 149 3 -4
1 1387 45 6 2
1 1387 355 6 -3
1 1405 71 5 -5
1 1424 495 2 3
1 1434 289 5 1
1 1442 93 4 -5
1 1448 166 2 2
1 1466 198 2 -4
1 1467 421 3 -2
1 1484 315 3 4
1 1493 8 2 -1
1 1507 124 5 3
1 1521 34 6 -1
1 1536 553 1 3
1 1551 465 6 -2
1 1555 585 5 4
1 1567 229 4 -3
1 1578 252 6 2
1 1592 8 1 -1
1 1606 101 2 3
1 1619 300 4 3
1 1628 276 2 2
1 1638 107 5 0
1 1642 8 3 3
1 1652 361 2 -2
1 1663 437 2 1
1 1665 117 2 2
1 1671 291 3 -5
1 1672 150 4 0
1 1677 315 5 1
1 1690 289 3 -5
1 1708 400 2 2
1 1718 113 6 4
1 1735 200 5 1
1 1739 102 4 3
1 1757 11 4 4
1 1761 369 6 1
1 1765 110 6 -3
1 1777 443 4 -4
1 1795 301 4 4
1 1795 317 5 2
1 1810 491 6 2
1 1827 495 6 -5
1 1836 26 2 3
1 1842 263 6 -5
1 1854 77 2 -3
1 1870 274 5 -3
1 1883 13 4 0
1 1895 260 6 -1
1 1898 380 2 -1
1 1905 76 4 2
1 1912 414 1 1
1 1931 123 6 -5
1 1945 230 1 -3
1 1959 500 6 -1
1 1959 564 2 1
1 1961 345 3 -5
1 1978 504 4 3
1 1983 412 5 2
1 1998 506 3 0
1 2003 71 1 0
1 2020 384 3 -3
1 2027 99 3 4
1 2042 278 2 4
1 2044 359 4 -5
1 2052 545 6 0
1 2066 309 4 0
1 2076 267 1 1
1 2079 153 4 3
1 2091 291 2 -2
1 2095 151 1 0
1 2109 428 2 1
1 2127 518 2 4
1 2141 328 2 -5
1 2147 28 6 -3
1 2147 556 1 2
1 2162 440 2 4
1 2174 36 6 -5
1 2189 501 2 -1
1 2189 230 1 -4
1 2199 144 5 2
1 2207 566 3 -2
1 2222 148 1 0
1 2225 230 3 -3
1 2226 465 5 0
1 2241 590 4 -3
1 2257 108 6 -4
1 2259 144 3 -2
1 2270 11 1 3
1 2283 440 2 -1
1 2292 504 1 -2
1 2310 51 4 -3
1 2327 524 2 0
1 2346 35 5 -5
1 2349 77 4 3
1 2360 22 6 0
1 2375 328 4 4
1 2380 307 2 -3
1 2386 204 2 2
1 2388 411 4 1
1 2392 463 1 -1
1 2407 458 6 -3
1 2419 44 1 1
1 2423 459 5 4
1 2434 96 3 -1
1 2452 404 2 4
1 2458 20 1 2
1 2471 417 5 3
1 2483 139 4 -3
1 2497 539 3 -1
1 2507 66 6 3
1 2514 470 5 -2
1 2523 428 4 -1
1 2526 241 3 -3
1 2535 355 3 0
1 2540 157 3 3
1 2550 496 2 2
1 2563 424 4 4
1 2572 488 5 -5
1 2588 537 6 3
1 2602 9 6 3
1 2602 442 6 -3
1 2621 64 4 2
1 2628 437 4 0
1 2631 176 2 -3
1 2644 362 5 -4
1 2647 519 6 0
1 2662 550 2 -3
1 2662 392 2 -1
1 2678 27 5 -3
1 2697 546 2 0
1 2698 96 4 2
1 2709 365 1 -4
1 2723 337 6 4
1 2739 391 4 -3
1 2743 84 4 3
1 2755 21 4 -2
1 2770 347 1 -2
1 2781 64 6 -3
1 2782 252 3 4
1 2784 296 6 3
1 2801 45 2 4
1 2812 128 4 -1
1 2824 205 1 -3
1 2831 103 3 -4
1 2848 560 1 3
1 2858 331 1 0
1 2874 478 1 1
1 2878 394 5 0
1 2892 238 6 -3
1 2898 119 1 -5
1 2913 502 5 -5
1 2917 333 4 1
1 2921 207 6 2
1 2936 531 3 4
1 2953 581 3 1
1 2965 238 2 3
1 2965 507 1 4
1 2976 18 1 1
1 2993 353 6 1
1 3005 548 3 3
1 3023 93 6 -4
1 3023 557 5 3
1 3039 460 3 3
1 3046 427 4 -5
1 3047 444 3 4
1 3053 255 2 -1
1 3055 434 3 1
1 3069 404 4 1
1 3078 529 4 -3
1 3078 569 5 1
1 3082 591 4 -5
1 3092 91 6 -5
1 3092 186 3 2
1 3094 296 4 -4
1 3101 453 4 -4
1 3120 128 1 3
1 3120 53 2 4
1 3125 250 5 2
1 3132 530 6 -2
1 3136 596 2 -1
1 3138 296 3 -4
1 3150 499 5 0
1 3166 375 4 0
1 3179 306 4 0
1 3193 412 6 -1
1 3204 190 3 -2
1 3220 572 5 2
1 3232 146 5 1
1 3239 272 5 -3
1 3256 5 2 -1
1 3258 555 1 3
1 3261 270 2 2
1 3272 314 5 -1
1 3289 346 6 1
1 3292 27 1 4
1 3299 187 6 4
1 3300 219 4 0
1 3302 264 1 -3
1 3305 58 4 4
1 3313 100 5 0
1 3322 119 5 -5
1 3328 362 2 -2
1 3333 432 6 2
1 3339 268 2 -2
1 3357 180 6 -5
1 3362 528 5 2
1 3378 77 5 1
1 3391 14 4 2
1 3408 536 2 -2
1 3427 224 5 -3
1 3437 116 1 4
1 3439 133 5 -5
1 3449 175 6 2
1 3464 523 6 -3
1 3474 583 1 -1
1 3475 138 4 4
1 3480 544 1 -2
1 3485 127 5 -1
1 3501 118 3 -5
1 3501 71 4 -3
1 3513 459 5 4
1 3516 513 5 1
1 3516 61 3 0
1 3532 441 6 2
1 3544 218 6 3
1 3558 570 4 4
1 3568 150 4 -4
1 3574 590 4 -1
1 3579 348 6 -3
1 3589 330 2 -2
1 3607 535 2 -4
1 3618 243 3 -3
1 3630 127 4 1
1 3645 565 6 -4
1 3649 382 1 -5
1 3664 152 1 -4
1 3669 95 4 -4
1 3674 75 6 -1
1 3682 539 3 3
1 3685 535 1 -4
1 3694 336 1 -5
1 3705 15 3 1
1 3723 545 3 -5
1 3726 529 3 -5
1 3730 101 5 4
1 3735 193 3 -3
1 3737 585 5 -4
1 3739 443 4 -4
1 3750 282 6 4
1 3765 514 2 -2
1 3780 519 4 2
1 3790 514 3 2
1 3798 574 2 1
1 3808 453 4 -2
1 3814 520 5 -1
1 3829 46 4 -2
1 3844 262 3 -2
1 3852 84 1 4
1 3861 99 4 -5
1 3870 158 6 0
1 3881 462 5 -3
1 3888 414 2 -2
1 3907 534 3 2
1 3920 528 3 -5
1 3925 73 3 -1
1 3939 23 2 -4
1 3950 460 1 -3
1 3957 151 1 -4
1 3972 302 6 -1
1 3990 17 1 -3
1 3991 66 5 0
1 4008 302 5 1
1 4009 247 2 4
1 4009 523 5 2
1 4018 169 6 1
1 4025 362 1 -1
1 4033 466 3 2
1 4034 214 3 2
1 4046 501 4 -5
1 4054 281 6 4
1 4054 580 1 -5
1 4061 69 4 -5
1 4079 437 3 4
1 4084 353 2 -3
1 4095 24 3 3
1 4100 149 3 3
1 4108 228 3 -2
1 4123 575 1 0
1 4130 207 5 3
1 4131 91 1 -4
1 4133 547 2 3
1 4145 435 6 3
1 4153 53 2 0
1 4166 133 3 -4
1 4183 132 2 -1
1 4184 449 6 -4
1 4186 355 3 0
1 4205 381 3 -1
1 4219 286 4 0
1 4235 256 6 -1
1 4246 144 5 -1
1 4263 14 6 1
1 4264 382 3 -5
1 4278 28 2 1
1 4279 200 6 -4
1 4294 81 5 -4
1 4303 117 2 2
1 4316 564 2 -5
1 4332 114 1 0
1 4344 225 3 4
1 4363 445 6 2
1 4376 206 6 -2
1 4390 362 4 3
1 4400 99 6 0
1 4412 465 5 -2
1 4415 32 4 -4
1 4432 381 3 4
1 4450 209 1 -1
1 4463 438 2 0
1 4471 595 4 3
1 4488 279 4 -1
1 4497 13 5 -5
1 4512 471 3 3
1 4531 368 6 4
1 4531 278 6 4
1 4546 129 6 0
1 4547 381 4 -1
1 4562 512 5 -1
1 4562 521 4 -2
1 4568 1 1 -2
1 4579 362 3 -1
1 4594 75 4 2
1 4610 252 4 -1
1 4610 213 2 0
1 4621 366 5 -3
1 4630 289 1 -2
1 4638 446 2 -2
1 4656 321 3 0
1 4658 37 5 -1
1 4670 480 4 4
1 4673 395 5 -3
1 4692 211 1 2
1 4694 543 6 2
1 4696 590 5 -5
1 4701 484 4 -2
1 4702 155 6 -4
1 4707 269 5 -2
1 4719 568 1 4
1 4731 551 2 -1
1 4735 378 5 3
1 4750 69 4 -1
1 4766 441 4 -2
1 4775 242 6 -5
1 4776 459 2 0
1 4776 45 3 -4
1 4779 387 2 3
1 4784 469 3 -5
1 4792 195 6 0
1 4801 5 1 -5
1 4806 174 1 1
1 4822 570 1 3
1 4837 595 4 0
1 4856 562 5 2
1 4864 53 2 0
1 4870 146 5 4
1 4874 445 1 -2
1 4887 18 1 1
1 4901 263 6 -4
1 4910 244 6 -2
1 4921 490 6 -3
1 4932 359 3 -3
1 4949 475 3 -4
1 4961 237 3 3
1 4972 456 5 1
1 4986 309 2 0
1 4992 267 3 -3
1 4997 116 2 2
1 5016 142 5 -3
1 5030 124 3 -5
1 5033 556 4 3
1 5050 120 6 0
1 5063 468 2 4
1 5067 502 2 -1
1 5083 413 2 -4
1 5101 229 1 -3
1 5116 21 4 -5
1 5119 166 2 2
1 5135 205 1 4
1 5149 368 2 4
1 5160 15 3 -3
1 5166 34 1 2
1 5184 28 5 4
1 5188 359 4 -5
1 5190 525 3 -3
1 5200 458 1 3
1 5207 53 4 3
1 5217 441 2 -5
1 5220 101 5 4
1 5226 496 3 3
1 5236 94 1 1
1 5254 492 2 0
1 5272 80 5 0
1 5287 294 5 -3
1 5299 574 1 -2
1 5312 336 2 -4
1 5323 409 5 1
1 5337 76 5 3
1 5343 136 3 -1
1 5343 190 5 0
1 5356 480 1 1
1 5356 193 2 -5
1 5369 206 4 0
1 5385 279 2 0
1 5396 117 6 2
1 5411 233 3 2
1 5412 253 4 1
1 5416 357 6 2
1 5420 456 2 0
1 5425 490 6 -1
1 5444 388 6 -4
1 5452 519 2 -1
1 5453 448 5 3
1 5468 289 4 -1
1 5479 95 1 -5
1 5486 243 1 -5
1 5501 533 5 -2
1 5511 301 2 -2
1 5525 382 6 -1
1 5533 301 6 4
1 5550 473 6 -3
1 5566 379 5 -5
1 5578 432 1 3
1 5596 206 4 -5
1 5612 486 6 2
1 5613 507 6 1
1 5624 11 3 -4
1 5634 107 2 0
1 5651 466 5 -3
1 5656 29 4 1
1 5663 57 6 -1
1 5677 430 6 2
1 5693 397 3 1
1 5706 64 4 -5
1 5707 431 2 2
1 5721 132 5 -5
1 5736 552 3 -4
1 5745 476 6 2
1 5748 378 1 -2
1 5760 348 3 4
1 5776 429 1 -4
1 5777 282 6 0
1 5791 248 4 -3
1 5796 320 1 -2
1 5802 96 3 -1
1 5816 57 3 0
1 5824 332 2 3
1 5832 64 2 3
1 5833 422 6 -4
1 5851 444 1 -3
1 5857 31 1 -4
1 5873 55 4 2
1 5876 297 2 0
1 5877 581 6 0
1 5891 94 3 -1
1 5893 475 1 2
1 5903 20 4 0
1 5912 215 1 0
1 5930 455 2 -5
1 5939 353 1 3
1 5953 507 1 -2
1 5961 174 3 4
1 5977 150 5 -1
1 5990 83 3 3
1 5995 234 6 0
1 5996 559 1 -4
1 6000 273 5 2
1 6007 573 1 3
1 6008 282 1 -2
1 6022 150 1 -4
1 6037 529 2 0
1 6052 141 5 2
1 6054 135 4 -3
1 6057 527 6 0
1 6071 522 2 -2
1 6073 435 4 -4
1 6077 459 2 3
1 6086 76 2 1
1 6089 10 6 -3
1 6090 544 2 -3
1 6104 489 2 4
1 6120 331 2 1
1 6120 134 6 -3
1 6125 222 4 -5
1 6125 29 2 -4
1 6134 224 3 -1
1 6143 150 1 -2
1 6160 431 5 3
1 6177 73 4 1
1 6189 144 3 -5
1 6193 569 3 4
1 6195 194 4 -3
1 6198 212 1 1
1 6209 332 5 -1
1 6226 387 3 -3
1 6226 377 3 4
1 6241 459 6 -4
1 6242 297 3 4
1 6243 583 4 1
1 6261 81 4 -5
1 6280 62 4 -2
1 6299 389 5 -2
1 6315 368 3 1
1 6320 12 1 -1
1 6326 19 3 -4
1 6326 133 6 -5
1 6332 257 3 1
1 6350 37 3 1
1 6361 291 4 1
1 6370 177 3 0
1 6372 279 1 1
1 6374 240 3 1
1 6383 261 1 3
1 6391 366 6 -4
1 6400 467 6 -4
1 6409 13 6 -1
1 6419 371 3 3
1 6433 28 2 1
1 6437 298 6 2
1 6452 244 4 -2
1 6463 371 2 -2
1 6479 305 1 -5
1 6483 273 3 -2
1 6490 29 3 -4
1 6492 148 4 -1
1 6494 478 3 -1
1 6507 48 4 2
1 6518 462 5 -5
1 6521 411 1 2
1 6531 214 3 -1
1 6548 417 6 -5
1 6562 16 1 3
1 6574 107 3 -4
1 6579 58 4 -3
1 6598 170 5 -1
1 6612 409 2 -5
1 6612 350 5 -4
1 6627 284 5 3
1 6628 455 4 0
1 6633 110 2 -3
1 6636 361 2 2
1 6647 310 4 -1
1 6656 355 6 -5
1 6656 32 2 3
1 6657 388 5 4
1 6675 459 1 -5
1 6681 143 1 3
1 6691 485 2 4
1 6699 59 5 -5
1 6704 46 2 -5
1 6704 132 6 -1
1 6708 17 4 -5
1 6708 538 4 4
1 6718 308 6 -5
1 6726 590 2 0
1 6742 84 6 0
1 6749 152 6 1
1 6765 596 5 -1
1 6776 247 3 -1
1 6790 134 2 0
1 6795 495 5 -5
1 6795 560 6 -2
1 6795 196 5 1
1 6806 239 5 3
1 6810 552 6 0
1 6822 563 3 -1
1 6840 124 1 3
1 6854 219 2 0
1 6872 350 5 -2
1 6881 349 6 -4
1 6888 139 5 -2
1 6899 347 5 3
1 6913 346 6 -2
1 6932 69 2 4
1 6932 54 3 -2
1 6943 549 2 0
1 6943 449 6 -2
1 6947 43 6 -3
1 6963 567 3 4
1 6982 485 2 -1
1 7000 209 2 3
1 7018 298 4 -1
1 7026 71 3 0
1 7036 470 3 4
1 7048 188 1 -4
1 7062 562 4 0
1 7066 355 6 1
1 7076 320 2 3
1 7083 337 3 -1
1 7092 89 6 -4
1 7110 368 5 4
1 7110 144 3 -3
1 7125 541 1 -1
1 7134 565 6 0
1 7147 464 4 0
1 7160 152 3 -3
1 7166 207 4 3
1 7185 117 1 1
1 7200 187 4 -5
1 7212 0 6 -5
1 7226 584 2 2
1 7241 468 2 0
1 7251 315 1 -3
1 7267 523 1 -4
1 7286 419 3 4
1 7292 553 1 -4
1 7303 136 2 3
1 7321 52 5 1
1 7325 131 5 4
1 7339 56 6 -5
1 7343 201 5 -1
1 7348 96 3 -3
1 7361 239 4 3
1 7370 533 2 1
1 7384 492 4 1
1 7398 310 3 2
1 7404 413 4 2
1 7411 143 6 -2
1 7428 134 3 0
1 7437 543 3 -5
1 7448 372 1 -5
1 7454 192 6 4
1 7471 132 5 1
1 7486 574 5 -3
1 7495 248 2 1
1 7504 258 1 -5
1 7522 299 1 3
1 7523 544 3 -1
1 7539 582 5 4
1 7547 478 5 -1
1 7559 88 5 -1
1 7578 320 3 -1
1 7590 221 6 -2
1 7603 523 6 -2
1 7616 566 2 -2
1 7626 526 1 2
1 7632 307 4 4
1 7645 5 6 4
1 7659 53 2 0
1 7670 144 2 4
1 7682 278 4 -1
1 7701 313 4 2
1 7713 274 2 -1
1 7727 540 2 -1
1 7740 378 2 -1
1 7745 559 4 -1
1 7756 283 1 -4
1 7756 205 6 1
1 7768 192 4 1
1 7773 418 6 -1
1 7774 55 1 3
1 7776 7 6 2
1 7779 269 6 2
1 7790 63 1 -2
1 7796 598 3 -2
1 7807 363 6 4
1 7812 371 4 1
1 7815 536 2 -3
1 7828 587 2 2
1 7843 50 2 -5
1 7852 121 2 -1
1 7861 515 3 -5
1 7866 176 5 1
1 7881 492 4 4
1 7889 231 6 2
1 7900 464 6 1
1 7914 381 1 -5
1 7926 542 6 4
1 7941 345 2 -2
1 7956 0 1 -2
1 7965 56 3 3
1 7973 456 3 4
1 7991 430 2 -1
1 8003 118 5 1
1 8011 372 2 -5
1 8012 389 3 -2
1 8018 541 3 -4
1 8022 225 6 1
1 8027 325 4 -4
1 8027 59 2 -1
1 8037 322 2 -5
1 8055 398 2 4
1 8057 595 3 -1
1 8064 265 1 2
1 8074 455 1 -5
1 8083 346 1 -4
1 8087 65 6 3
1 8099 2 3 -1
1 8103 154 5 2
1 8111 302 1 -4
1 8117 145 5 -1
1 8120 334 2 -1
1 8125 274 2 -4
1 8130 349 1 0
1 8133 47 5 -2
1 8140 223 6 -3
1 8151 172 6 3
1 8162 117 1 -4
1 8169 171 6 -3
1 8188 464 6 3
1 8207 176 5 3
1 8210 419 3 -3
1 8227 304 5 1
1 8246 502 4 3
1 8264 149 3 3
1 8273 548 4 -4
1 8286 584 4 -3
1 8286 511 5 3
1 8304 154 3 -5
1 8308 313 4 3
1 8314 305 4 -4
1 8333 109 3 3
1 8349 97 2 1
1 8356 313 3 3
1 8368 172 4 4
1 8378 228 4 3
1 8386 445 5 2
1 8391 564 3 2
1 8410 510 6 3
1 8418 537 3 -4
1 8426 455 5 -4
1 8435 21 1 -3
1 8449 4 6 1
1 8453 104 3 -3
1 8453 57 2 4
1 8459 277 4 -5
1 8459 220 1 -2
1 8463 392 2 -3
1 8466 52 1 -3
1 8482 582 6 3
1 8488 502 5 -5
1 8490 414 2 -4
1 8500 68 5 3
1 8500 60 3 -2
1 8516 561 4 -5
1 8518 445 4 -5
1 8532 263 4 0
1 8538 412 6 -1
1 8554 450 4 -1
1 8561 149 2 -1
1 8563 55 2 2
1 8565 319 6 2
1 8582 311 3 -5
1 8593 225 1 4
1 8600 373 3 2
1 8603 179 4 1
1 8613 177 5 -1
1 8631 213 3 2
1 8647 70 5 0
1 8662 324 4 0
1 8670 479 1 0
1 8685 162 1 -1
1 8687 85 2 2
1 8690 453 2 -1
1 8699 59 5 4
1 8717 134 3 3
1 8732 22 5 -3
1 8732 568 6 3
1 8735 438 2 -2
1 8742 429 5 0
1 8754 487 6 4
1 8758 245 5 -3
1 8769 281 5 -3
1 8771 490 2 4
1 8772 553 3 -2
1 8773 597 4 4
1 8787 122 2 -3
1 8787 184 4 -5
1 8798 595 1 -5
1 8812 337 1 -1
1 8819 21 1 2
1 8825 47 6 0
1 8834 282 6 3
1 8841 334 4 1
1 8852 531 1 4
1 8871 490 2 -4
1 8873 136 5 4
1 8877 143 5 -5
1 8884 553 1 -1
1 8894 491 6 -5
1 8902 47 6 1
1 8906 135 4 -2
1 8918 583 1 4
1 8931 135 4 -1
1 8936 329 6 -2
1 8950 373 3 4
1 8956 76 4 -4
1 8957 181 4 -5
1 8975 422 5 -5
1 8980 169 1 -3
1 8983 356 1 1
1 8985 288 4 -3
1 9002 543 4 2
1 9010 514 6 -1
1 9025 208 1 -1
1 9041 414 6 -4
1 9055 51 3 -4
1 9070 339 6 1
1 9073 137 4 2
1 9092 209 6 -4
1 9102 130 3 0
1 9111 76 4 4
1 9124 389 3 4
1 9125 155 6 0
1 9131 182 3 -3
1 9149 213 4 4
1 9158 168 4 -5
1 9169 73 6 1
1 9172 312 1 -3
1 9183 65 5 4
1 9183 341 3 -1
1 9192 548 5 -5
1 9206 492 5 0
1 9220 443 3 -2
1 9223 487 5 4
1 9240 261 3 -2
1 9255 327 2 -1
1 9260 58 1 1
1 9270 292 4 -5
1 9270 266 1 3
1 9273 537 4 -5
1 9278 200 2 2
1 9296 115 2 4
1 9298 70 5 -5
1 9314 234 2 -3
1 9314 10 5 -4
1 9325 204 3 -2
1 9336 146 3 -3
1 9340 341 5 -4
1 9350 128 3 4
1 9368 112 5 -4
1 9381 2 3 -3
1 9387 546 1 -4
1 9399 316 4 -5
1 9414 119 3 -4
1 9420 122 2 -1
1 9436 178 3 -2
1 9450 392 2 3
1 9461 225 6 -2
1 9476 54 6 4
1 9487 195 1 0
1 9494 474 6 -4
1 9507 131 6 0
1 9509 210 6 -4
1 9513 39 5 -4
1 9532 71 4 0
1 9550 226 3 -3
1 9562 555 5 0
1 9564 241 5 -3
1 9578 519 6 1
1 9591 35 1 -4
1 9595 440 6 2
1 9604 160 6 -1
1 9605 32 4 0
1 9612 391 5 4
1 9618 300 3 -3
1 9624 520 2 -4
1 9643 372 6 4
1 9645 598 5 0
1 9658 534 1 2
1 9661 177 5 -5
1 9678 244 6 3
1 9687 416 5 -4
1 9700 439 3 1
1 9707 158 5 -5
1 9718 593 2 0
1 9719 306 2 0
1 9731 48 1 -4
1 9742 488 4 1
1 9758 26 6 1
1 9767 522 5 -2
1 9778 151 6 -5
1 9778 91 4 0
1 9779 82 5 -3
1 9786 292 3 4
1 9799 364 3 -3
1
decors/bonus3/description
2
1 10 400 1 0
1 9410 600 1 -1
