11000
sons/Level2.ogg
1
decors/asteroide1/description
300
1 14 148 1 0
1 30 100 2 -1
1 61 26 1 -2
1 80 198 1 0
1 93 573 1 -1
1 119 288 1 0
1 156 276 2 -2
1 199 561 1 -1
1 210 410 2 1
1 228 495 2 -1
1 257 519 2 1
1 422 57 2 0
1 449 428 1 1
1 525 539 2 0
1 527 150 2 -2
1 538 109 1 -2
1 540 21 2 -2
1 574 39 2 -1
1 576 563 2 -2
1 592 494 2 1
1 601 145 2 -1
1 609 485 1 0
1 615 228 1 -2
1 616 585 1 0
1 630 544 1 -2
1 707 306 1 -1
1 766 130 1 0
1 833 401 2 1
1 861 278 2 0
1 869 370 1 1
1 884 378 2 -2
1 902 242 2 -2
1 915 294 1 -1
1 993 409 1 -1
1 997 494 2 -1
1 1069 83 2 -1
1 1075 546 2 -1
1 1077 368 1 -1
1 1096 482 1 -1
1 1100 241 2 1
1 1129 9 1 0
1 1155 303 1 -2
1 1218 347 1 -1
1 1219 409 1 0
1 1248 169 1 0
1 1283 557 2 -2
1 1302 336 2 -1
1 1320 392 1 0
1 1359 272 2 -1
1 1363 214 2 0
1 1368 143 1 1
1 1454 531 1 0
1 1472 204 1 -2
1 1492 209 1 -1
1 1511 390 1 0
1 1524 376 2 -2
1 1568 293 2 -2
1 1616 13 1 -1
1 1673 466 2 -1
1 1673 572 1 -2
1 1693 80 2 1
1 1721 542 1 0
1 1723 32 2 -1
1 1788 315 2 0
1 1847 148 2 -2
1 1860 225 1 -1
1 1911 133 1 -1
1 1912 369 1 -1
1 1958 160 2 1
1 1967 328 1 0
1 2132 182 1 0
1 2136 177 2 -1
1 2147 49 2 -1
1 2210 192 1 -1
1 2337 30 2 -2
1 2424 392 1 0
1 2493 458 2 0
1 2596 282 2 0
1 2696 159 1 -2
1 2709 320 1 1
1 2791 383 1 -1
1 2796 237 2 -1
1 2802 270 2 1
1 2805 177 2 -1
1 2862 109 1 1
1 2890 170 2 -1
1 2934 322 2 0
1 2953 523 2 0
1 2956 124 2 -1
1 2957 573 2 -2
1 3047 571 2 1
1 3096 389 2 -1
1 3155 80 2 -1
1 3173 356 1 0
1 3208 173 2 -2
1 3254 179 1 -1
1 3270 400 1 1
1 3272 43 1 -1
1 3287 145 1 1
1 3314 592 1 0
1 3329 588 2 0
1 3355 279 1 0
1 3390 43 2 1
1 3449 388 2 -2
1 3455 308 1 -1
1 3472 449 1 1
1 3472 315 2 -1
1 3480 352 2 1
1 3618 13 2 1
1 3634 560 2 -1
1 3636 232 1 -2
1 3649 506 1 -2
1 3659 484 1 -1
1 3695 581 2 1
1 3698 228 2 0
1 3804 293 1 -1
1 3832 364 1 0
1 3858 496 1 1
1 3899 487 1 -1
1 3915 538 2 -1
1 3919 150 1 -2
1 4002 101 2 -2
1 4064 48 2 -2
1 4071 116 1 -2
1 4123 203 1 -2
1 4240 466 1 0
1 4311 521 1 -1
1 4348 56 1 1
1 4403 350 2 -2
1 4421 573 2 -2
1 4444 166 2 -1
1 4453 569 2 -2
1 4455 260 1 -1
1 4473 531 2 1
1 4535 272 2 1
1 4571 581 1 0
1 4656 153 1 -1
1 4684 243 2 -2
1 4697 512 2 1
1 4752 507 2 1
1 4762 259 1 -2
1 4813 288 1 0
1 4815 497 2 -1
1 4824 548 2 0
1 4835 395 1 1
1 4866 414 2 0
1 4878 169 1 -2
1 4906 132 1 -2
1 4925 122 2 1
1 4938 122 1 1
1 4958 83 2 -2
1 4987 442 1 -1
1 4989 320 1 0
1 5147 386 1 0
1 5159 255 2 -1
1 5166 147 2 0
1 5234 226 2 0
1 5278 50 1 0
1 5409 369 1 1
1 5413 540 2 -2
1 5422 87 1 -2
1 5434 193 1 -1
1 5444 346 1 0
1 5467 294 1 -1
1 5506 320 2 -2
1 5542 489 1 1
1 5559 124 1 0
1 5601 279 1 1
1 5671 358 1 0
1 5673 64 1 0
1 5755 233 1 0
1 5774 210 1 1
1 5840 590 1 -1
1 5880 348 2 -1
1 5908 229 2 0
1 5943 155 2 -1
1 5945 427 1 -1
1 5970 583 1 -2
1 6014 17 1 0
1 6032 265 2 0
1 6034 193 2 0
1 6038 339 2 -2
1 6087 71 2 -1
1 6147 19 1 0
1 6163 92 2 -1
1 6196 379 1 1
1 6201 142 1 -2
1 6223 27 2 -1
1 6254 543 1 1
1 6370 408 1 1
1 6378 238 2 0
1 6385 61 2 0
1 6387 13 1 -2
1 6507 345 1 -1
1 6531 373 2 0
1 6634 54 2 0
1 6684 156 1 1
1 6684 340 2 -1
1 6698 569 1 0
1 6717 194 1 -2
1 6734 11 2 1
1 6740 90 2 0
1 6845 447 2 -2
1 6872 322 2 0
1 6919 574 2 1
1 6993 103 2 0
1 7002 386 1 -2
1 7011 19 2 1
1 7013 510 2 0
1 7043 577 1 -2
1 7060 65 2 -1
1 7095 64 2 -1
1 7159 269 1 -2
1 7184 385 2 -2
1 7199 374 1 1
1 7241 484 2 0
1 7286 339 1 1
1 7304 62 2 -2
1 7322 445 1 0
1 7346 598 2 1
1 7363 469 2 -2
1 7387 588 2 -1
1 7449 136 2 0
1 7467 458 1 1
1 7482 234 1 -1
1 7540 457 2 1
1 7609 273 1 -2
1 7624 435 1 -2
1 7662 175 2 -1
1 7670 542 2 -1
1 7672 66 2 -2
1 7686 34 2 -2
1 7710 448 2 -1
1 7747 333 1 1
1 7799 32 2 -2
1 7815 438 1 -1
1 7818 528 1 -1
1 7862 358 2 1
1 7915 540 2 1
1 7943 264 1 0
1 7965 455 1 0
1 7990 303 1 -2
1 8059 265 1 0
1 8072 414 1 -2
1 8087 156 1 -2
1 8088 217 2 0
1 8147 81 2 0
1 8155 282 1 -1
1 8155 314 1 1
1 8232 529 1 -1
1 8269 263 1 -1
1 8283 230 1 -2
1 8351 271 1 -1
1 8367 133 2 -1
1 8454 364 2 -1
1 8470 243 2 -1
1 8476 122 2 0
1 8485 388 1 -2
1 8491 164 1 -2
1 8494 338 2 1
1 8580 517 1 -1
1 8596 281 1 0
1 8603 432 1 -2
1 8656 203 2 1
1 8790 462 1 0
1 8796 545 1 -2
1 8854 32 1 1
1 8856 169 1 1
1 8943 166 2 -1
1 8963 597 1 -1
1 8975 250 2 -1
1 9077 137 2 -1
1 9105 573 1 -2
1 9134 122 1 0
1 9172 11 2 0
1 9204 298 1 1
1 9237 83 2 -2
1 9256 390 1 0
1 9266 103 1 1
1 9267 193 2 -2
1 9287 137 2 -1
1 9292 292 1 -1
1 9311 591 1 0
1 9366 489 2 0
1 9395 295 2 -2
1 9404 26 1 1
1 9439 197 1 -1
1 9502 360 2 -2
1 9567 411 2 -2
1 9664 407 1 -2
1 9697 87 1 1
1 9697 542 2 1
1 9730 305 2 1
1 9735 431 2 0
1 9763 309 2 1
1 9787 473 1 0
1 9794 480 1 0
1 9834 119 2 0
1 9842 583 2 -2
1 9886 251 1 -2
2
decors/bonus1/description
decors/bonus2/description
9
2 219 275 1 0
1 800 519 1 -1
2 1210 307 1 0
1 2248 278 1 0
2 4580 322 1 -1
2 6088 416 1 -1
2 7299 351 1 0
1 8571 224 1 0
2 8833 232 1 0

