2900
sons/Level5.ogg
1
decors/asteroide1/description
500
1 3 433 1 0
1 7 219 1 1
1 8 64 3 2
1 10 40 4 -3
1 10 541 4 -2
1 10 596 1 -1
1 11 486 3 -1
1 12 11 4 2
1 15 20 4 -2
1 20 249 4 0
1 22 585 3 -3
1 35 193 1 -1
1 35 531 3 -1
1 38 354 3 1
1 39 299 4 1
1 50 45 1 2
1 51 215 1 0
1 66 308 2 -2
1 67 457 2 -1
1 72 38 2 -1
1 78 296 4 2
1 86 541 3 -3
1 87 325 2 -3
1 88 433 1 0
1 91 181 2 -3
1 97 354 2 2
1 103 106 4 1
1 106 17 4 2
1 110 86 1 -3
1 112 455 1 0
1 119 81 1 2
1 121 157 1 1
1 122 393 3 2
1 134 294 3 0
1 136 477 2 -3
1 136 252 3 -3
1 137 244 3 1
1 150 576 1 -3
1 150 342 3 2
1 159 546 3 -2
1 160 212 1 -3
1 163 516 1 -3
1 168 540 3 -1
1 175 236 3 1
1 175 158 4 1
1 179 136 4 -1
1 186 585 1 1
1 193 522 4 1
1 212 73 3 2
1 219 507 4 -1
1 230 554 2 -3
1 232 538 2 -1
1 233 39 1 -1
1 235 497 2 2
1 237 468 4 -1
1 241 46 1 1
1 243 113 1 1
1 247 250 3 -3
1 251 205 4 -2
1 255 388 3 -3
1 265 111 2 2
1 266 216 3 -3
1 267 278 1 -2
1 268 339 2 -2
1 269 156 3 -3
1 269 345 3 0
1 279 100 2 1
1 280 150 1 -3
1 281 44 2 -3
1 288 185 1 0
1 289 426 3 -1
1 291 287 3 -3
1 305 543 3 -3
1 308 548 4 1
1 315 220 2 2
1 316 116 1 -3
1 320 161 4 -3
1 323 2 4 2
1 324 541 1 0
1 328 446 2 -3
1 334 380 1 -2
1 334 148 2 -2
1 343 596 2 -3
1 345 561 4 -2
1 345 82 2 2
1 350 8 4 -1
1 361 113 2 1
1 363 225 1 2
1 364 450 2 -3
1 365 67 3 1
1 366 339 1 -1
1 383 401 2 1
1 397 159 2 1
1 397 38 3 2
1 397 70 4 -3
1 401 589 2 1
1 414 41 3 -1
1 416 24 1 2
1 422 317 4 -3
1 424 218 1 2
1 435 63 3 1
1 441 282 4 1
1 443 215 1 -2
1 448 6 1 2
1 452 474 3 2
1 458 436 3 -2
1 458 395 2 -2
1 462 5 2 -3
1 463 334 2 -2
1 468 397 3 -2
1 472 5 2 -1
1 478 443 2 1
1 479 35 3 -2
1 487 110 3 2
1 487 344 3 1
1 496 103 2 -3
1 502 393 4 1
1 502 392 2 1
1 503 326 1 -2
1 504 598 1 2
1 510 41 1 -2
1 511 579 2 -2
1 515 27 4 2
1 515 525 2 1
1 520 137 3 -1
1 520 312 3 -2
1 521 545 2 -3
1 522 294 1 -1
1 524 292 3 -3
1 524 430 4 -3
1 525 252 2 2
1 525 218 4 -2
1 532 164 2 1
1 533 546 4 1
1 542 341 3 0
1 542 210 4 -3
1 542 320 1 0
1 549 2 3 2
1 551 257 1 1
1 575 523 3 2
1 575 101 4 -1
1 576 524 4 -1
1 577 32 4 2
1 582 312 1 0
1 583 557 1 2
1 583 437 3 0
1 587 140 2 -3
1 590 424 4 1
1 594 121 2 -1
1 595 594 1 -3
1 596 337 2 -1
1 607 590 3 1
1 613 455 1 -2
1 619 128 1 0
1 619 131 4 0
1 619 556 2 -1
1 629 422 2 1
1 633 503 4 -1
1 634 539 3 1
1 641 475 2 -1
1 651 305 2 1
1 653 227 3 0
1 656 309 3 0
1 656 268 3 1
1 664 14 2 -3
1 665 328 4 2
1 679 547 1 1
1 687 37 1 0
1 701 488 1 -3
1 711 588 3 1
1 716 205 2 -3
1 721 11 2 1
1 722 324 3 1
1 722 409 2 1
1 727 422 2 -3
1 731 510 3 -1
1 740 99 4 -2
1 744 467 1 0
1 746 152 1 0
1 756 16 3 2
1 757 18 1 2
1 759 535 4 0
1 764 495 1 1
1 764 193 3 0
1 765 231 1 -3
1 765 186 4 -1
1 766 565 1 1
1 772 438 2 -2
1 778 551 2 -2
1 780 487 1 -2
1 805 86 4 -1
1 810 74 4 0
1 816 392 3 0
1 818 309 4 0
1 820 568 2 -1
1 827 162 3 -1
1 827 568 1 -1
1 831 479 4 1
1 838 344 1 -3
1 840 334 4 -1
1 841 369 4 1
1 845 314 1 2
1 859 101 1 -3
1 862 126 1 0
1 866 266 1 0
1 868 424 3 -2
1 873 559 4 1
1 875 527 4 2
1 877 405 4 2
1 877 400 1 -1
1 882 292 3 0
1 884 467 1 -3
1 886 33 4 0
1 890 529 2 -3
1 894 406 3 -3
1 894 406 1 1
1 899 182 3 -3
1 901 192 1 -2
1 902 523 3 2
1 913 344 2 2
1 914 327 2 -2
1 915 197 1 1
1 915 280 1 0
1 928 184 1 2
1 931 417 3 -1
1 938 236 2 -3
1 943 373 1 -3
1 946 274 2 -2
1 949 414 1 -3
1 952 272 4 -2
1 958 372 2 -1
1 958 344 3 -3
1 971 119 2 1
1 975 393 1 -1
1 979 195 3 2
1 980 474 2 1
1 981 522 1 1
1 988 65 1 -1
1 989 290 3 -2
1 989 174 1 0
1 989 332 4 -1
1 993 113 4 -1
1 994 241 1 -3
1 998 327 3 -3
1 1005 96 1 -2
1 1006 164 2 0
1 1010 457 4 -1
1 1018 84 3 -3
1 1022 70 1 -2
1 1024 530 2 -2
1 1030 93 4 1
1 1035 310 4 2
1 1035 423 2 2
1 1037 447 1 -1
1 1040 292 1 -3
1 1045 39 4 -2
1 1051 248 2 2
1 1064 66 1 -3
1 1068 200 2 2
1 1068 72 1 2
1 1071 507 2 2
1 1086 151 1 0
1 1094 590 2 -1
1 1096 348 4 -2
1 1096 420 1 -2
1 1101 518 1 2
1 1104 316 3 2
1 1105 299 2 -2
1 1111 351 1 1
1 1115 575 4 -3
1 1115 147 1 -1
1 1124 83 3 2
1 1125 4 4 -2
1 1139 584 2 -3
1 1146 233 2 0
1 1150 401 2 -3
1 1153 489 3 -3
1 1156 599 1 -3
1 1156 393 4 -1
1 1160 366 3 -3
1 1161 288 4 -3
1 1162 478 3 -3
1 1165 531 3 -2
1 1177 129 3 -3
1 1181 70 2 -1
1 1181 371 2 2
1 1183 589 1 -2
1 1186 325 2 1
1 1186 468 4 -3
1 1187 368 3 -2
1 1187 448 4 -1
1 1188 178 2 2
1 1189 553 2 0
1 1193 452 1 -2
1 1194 372 3 -2
1 1195 399 2 -1
1 1196 187 3 1
1 1198 490 2 -3
1 1201 195 4 2
1 1210 204 2 1
1 1217 171 1 -2
1 1218 328 1 1
1 1225 578 1 0
1 1226 485 2 -1
1 1236 324 2 2
1 1237 544 4 2
1 1238 220 1 -2
1 1244 148 2 -1
1 1252 573 2 1
1 1254 43 1 -1
1 1255 157 1 -2
1 1257 372 1 0
1 1260 67 2 0
1 1266 349 1 -3
1 1268 209 1 -3
1 1271 552 2 1
1 1285 381 3 -2
1 1285 346 4 -3
1 1291 88 2 0
1 1294 469 1 -2
1 1301 361 4 0
1 1303 126 4 -1
1 1305 334 3 -2
1 1306 274 2 1
1 1328 127 2 -3
1 1328 87 2 0
1 1330 48 4 -2
1 1331 22 3 2
1 1335 536 3 -1
1 1336 162 1 -3
1 1345 1 2 -2
1 1347 372 2 2
1 1351 30 4 -3
1 1352 363 2 -1
1 1356 277 1 -1
1 1362 368 4 -3
1 1363 42 3 -2
1 1372 538 2 -1
1 1372 326 3 2
1 1374 216 2 -3
1 1378 201 3 -3
1 1385 149 4 -2
1 1386 297 1 -1
1 1389 109 4 -2
1 1394 596 3 2
1 1398 93 3 -1
1 1400 510 2 -3
1 1407 91 1 0
1 1407 272 2 -2
1 1422 560 4 -3
1 1426 16 3 0
1 1427 177 4 -1
1 1429 292 4 2
1 1429 251 1 -2
1 1433 51 3 -2
1 1439 401 1 0
1 1441 579 3 0
1 1449 516 3 -2
1 1449 59 2 2
1 1461 34 4 1
1 1462 413 1 -1
1 1464 264 4 1
1 1471 77 2 0
1 1473 152 1 0
1 1482 69 4 -3
1 1488 424 4 0
1 1488 245 2 -2
1 1490 335 3 0
1 1496 323 4 -2
1 1497 542 1 1
1 1498 475 3 -3
1 1502 577 2 -3
1 1505 157 3 1
1 1514 573 1 0
1 1516 424 3 1
1 1519 99 4 -1
1 1525 174 3 2
1 1535 156 4 -3
1 1538 168 2 -3
1 1542 419 1 0
1 1542 406 4 0
1 1544 258 1 -1
1 1546 150 1 1
1 1549 143 3 -2
1 1549 302 1 -3
1 1552 571 1 -1
1 1553 178 1 1
1 1554 168 2 1
1 1559 205 2 1
1 1564 565 1 -2
1 1565 82 2 -3
1 1567 128 1 0
1 1575 260 1 0
1 1575 263 3 -3
1 1576 178 1 -2
1 1576 219 4 0
1 1582 596 1 1
1 1587 121 2 2
1 1587 4 1 -1
1 1588 599 3 -2
1 1593 512 2 2
1 1608 596 2 -3
1 1609 133 3 -2
1 1609 67 2 -3
1 1609 536 4 -1
1 1611 219 2 -2
1 1613 135 1 0
1 1621 349 4 1
1 1624 74 4 0
1 1624 199 1 1
1 1630 229 1 -2
1 1631 439 3 1
1 1632 367 3 1
1 1638 441 1 -3
1 1640 44 3 -3
1 1646 199 3 -3
1 1646 419 2 0
1 1651 571 4 2
1 1654 421 1 0
1 1657 88 3 -3
1 1666 410 1 -2
1 1668 258 2 -1
1 1668 516 3 -1
1 1669 259 4 0
1 1681 54 3 -2
1 1686 372 4 2
1 1686 543 2 0
1 1694 193 3 2
1 1697 184 1 -1
1 1705 176 3 0
1 1706 134 2 -2
1 1708 344 2 1
1 1710 364 2 -1
1 1712 161 4 -1
1 1713 563 1 -2
1 1716 63 2 -1
1 1734 279 2 1
1 1734 556 2 -1
1 1737 142 3 0
1 1740 161 2 0
1 1749 304 4 -3
1 1754 307 3 0
1 1756 9 1 -3
1 1757 250 2 -1
1 1758 437 3 0
1 1767 545 1 2
1 1777 469 3 -2
1 1779 332 4 -3
1 1784 465 2 -2
1 1786 597 1 0
1 1797 297 3 -2
1 1800 314 2 2
1 1803 1 4 -2
1 1807 23 1 -2
1 1811 505 2 2
1 1812 299 2 0
1 1816 119 1 -1
1 1819 312 1 -2
1 1823 544 3 1
1 1825 228 4 2
1 1831 97 1 0
1 1832 579 4 -1
1 1832 586 2 2
1 1838 377 3 1
1 1841 430 2 -3
1 1842 359 1 -1
1 1843 556 1 1
1 1846 15 3 1
1 1854 59 2 -3
1 1860 156 1 -2
1 1861 443 4 -2
1 1864 14 2 -1
1 1865 22 1 -1
1 1874 88 4 1
1 1880 363 3 0
1 1889 486 4 1
1 1889 357 4 2
1 1890 223 4 -2
1 1897 462 4 1
1 1899 367 2 -1
1 1905 405 4 -1
1 1909 69 1 -3
1 1914 248 2 2
1 1921 438 1 0
1 1923 86 4 2
1 1923 331 3 -1
1 1930 268 3 -1
1 1936 45 3 0
1 1937 64 4 1
1 1937 483 4 2
1 1938 61 3 1
1 1953 494 3 1
1 1954 397 2 -2
1 1959 444 4 1
1 1961 506 1 0
1 1962 100 2 -2
1 1965 524 2 2
1 1966 397 3 -1
1 1968 432 3 0
1 1983 268 1 -2
0
0
