3000
sons/Level6.ogg
3
decors/tunnel1haut/description
decors/tunnel1bas/description
decors/ovni1/description
209
1 -900 0 1 0
2 -900 500 1 0
1 -600 0 1 0
2 -600 500 1 0
1 -300 0 1 0
2 -300 500 1 0
1 0 0 1 0
2 0 500 1 0
3 30 140 4 1
3 50 450 4 -1
3 100 140 4 0
3 120 240 3 0
3 150 180 3 1
3 180 440 4 -1
3 200 320 4 0
3 210 110 4 0
3 230 250 4 0
3 240 360 4 0
3 260 440 4 0
3 270 220 4 0
1 300 0 1 0
2 300 500 1 0
3 305 260 4 0
3 310 320 4 0
3 320 140 4 0
3 350 340 4 0
3 360 440 4 0
3 380 430 4 0
3 380 220 4 0
3 390 140 4 0
3 400 140 4 0
3 410 450 4 0
3 420 240 3 0
3 450 180 3 0
3 480 440 4 0
3 500 320 4 0
3 505 260 4 0
3 510 110 4 0
3 530 250 4 0
3 540 360 4 0
3 560 440 4 0
3 570 220 4 0
3 590 320 4 0
1 600 0 1 0
2 600 500 1 0
3 620 140 4 0
3 650 340 4 0
3 660 440 4 0
3 680 430 4 0
3 680 220 4 0
3 690 140 4 0
3 690 320 4 0
3 705 260 4 0
3 710 320 4 0
3 720 140 4 0
3 750 340 4 0
3 760 440 4 0
3 780 430 4 0
3 780 220 4 0
3 790 140 4 0
3 800 140 4 0
3 810 450 4 0
3 800 140 4 0
3 820 240 3 0
3 850 180 3 0
3 880 440 4 0
1 900 0 1 0
2 900 500 1 0
3 900 320 4 0
3 905 260 4 0
3 910 110 4 0
3 930 250 4 0
3 940 360 4 0
3 960 440 4 0
3 970 220 4 0
3 980 430 4 0
3 980 220 4 0
3 990 140 4 0
3 1000 140 4 0
3 1010 450 4 0
3 1020 240 3 0
3 1050 180 3 0
3 1070 280 3 0
3 1080 440 4 0
3 1100 320 4 0
3 1105 260 4 0
3 1110 110 4 0
3 1130 250 4 0
3 1140 360 4 0
3 1160 440 4 0
3 1170 220 4 0
3 1190 320 4 0
1 1200 0 1 0
2 1200 500 1 0
3 1230 140 4 1
3 1250 450 4 0
3 1300 140 4 0
3 1320 240 3 0
3 1350 180 3 1
3 1380 440 4 0
3 1400 320 4 0
3 1410 110 4 0
3 1430 250 4 0
3 1440 360 4 0
3 1460 440 4 0
3 1470 220 4 0
3 1490 330 4 0
1 1500 0 1 0
2 1500 500 1 0
3 1520 140 4 0
3 1550 340 4 0
3 1560 440 4 0
3 1580 430 4 0
3 1580 220 4 0
3 1590 140 4 0
3 1590 320 4 0
3 1605 260 4 0
3 1610 320 4 0
3 1620 140 4 0
3 1650 340 4 0
3 1660 440 4 0
3 1680 430 4 0
3 1680 220 4 0
3 1690 140 4 0
3 1700 140 4 0
3 1710 450 4 0
3 1700 140 4 0
3 1720 240 3 0
3 1750 180 3 0
3 1780 440 4 0
1 1800 0 1 0
2 1800 500 1 0
3 1800 320 4 0
3 1805 260 4 0
3 1810 110 4 0
3 1830 250 4 0
3 1840 360 4 0
3 1860 440 4 0
3 1870 220 4 0
3 1880 430 4 0
3 1880 220 4 0
3 1890 140 4 0
3 1900 140 4 0
3 1910 450 4 0
3 1920 240 3 0
3 1950 180 3 0
3 1970 280 3 0
3 1980 440 4 0
3 2000 320 4 0
3 2005 260 4 0
3 2010 110 4 0
3 2030 250 4 0
3 2040 360 4 0
3 2060 440 4 0
3 2070 220 4 0
3 2090 320 4 0
1 2100 0 1 0
2 2100 500 1 0
3 2100 320 4 0
3 2105 260 4 0
3 2110 110 4 0
3 2130 250 4 0
3 2140 360 4 0
3 2160 440 4 0
3 2170 220 4 0
3 2190 320 4 0
3 2200 320 4 0
3 2205 260 4 0
3 2210 110 4 0
3 2230 250 4 0
3 2240 360 4 0
3 2260 440 4 0
3 2270 220 4 0
3 2280 430 4 0
3 2280 220 4 0
3 2290 140 4 0
3 2300 140 4 0
3 2320 240 3 0
3 2330 140 4 1
3 2350 450 4 -1
3 2350 180 3 1
3 2380 440 4 -1
1 2400 0 1 0
2 2400 500 1 0
3 2405 260 4 0
3 2410 320 4 0
3 2420 140 4 0
3 2450 340 4 0
3 2460 440 4 0
3 2480 430 4 0
3 2480 220 4 0
3 2490 140 4 0
3 2500 140 4 0
3 2510 450 4 0
3 2520 240 3 0
3 2550 180 3 0
3 2580 440 4 0
3 2600 320 4 0
3 2605 260 4 0
3 2610 110 4 0
3 2630 250 4 0
3 2640 360 4 0
3 2660 440 4 0
3 2670 220 4 0
3 2690 320 4 0
1 2700 0 1 0
2 2700 500 1 0
1 3000 0 1 0
2 3000 500 1 0
0
0
