2200
sons/Level3.ogg
2
decors/ovni1/description
decors/ovni2/description
166
1 10 471 4 0
2 28 421 2 -3
2 28 0 2 3
1 45 357 6 -4
1 47 490 5 -1
1 55 73 6 2
2 72 599 4 2
1 79 44 1 4
2 97 154 1 0
1 115 99 3 -1
1 130 557 5 -2
2 137 247 3 3
2 173 594 5 3
1 175 339 6 2
1 191 146 6 1
1 192 191 6 -3
2 218 29 4 -4
1 220 371 5 -2
2 235 114 1 -2
1 238 86 1 0
1 240 190 6 4
1 245 379 2 -5
2 266 231 2 -2
2 283 111 1 1
1 283 7 3 -3
1 289 29 2 -4
1 295 540 6 -4
1 295 358 5 -3
2 300 249 6 4
1 302 490 2 0
2 316 326 2 0
1 334 236 4 -2
1 338 462 2 -1
1 345 447 1 -2
1 362 182 2 0
2 366 18 1 -3
1 368 75 5 -1
1 378 544 2 -1
2 390 326 4 -2
2 407 396 1 0
1 407 557 4 -2
1 415 532 1 -4
1 440 472 1 -4
2 457 228 3 4
1 464 209 1 1
2 465 50 6 4
2 479 374 3 2
2 489 598 1 -3
1 492 338 2 3
1 504 237 6 -1
2 518 361 5 0
2 532 327 5 -5
1 551 286 1 4
1 568 559 5 -1
1 586 461 5 3
1 602 380 1 -2
2 612 591 2 -3
1 633 551 3 1
1 639 226 4 1
1 647 297 1 4
2 652 204 5 1
1 668 394 1 4
1 669 418 2 0
2 684 160 5 -2
1 684 146 3 -1
1 687 263 5 0
2 691 89 3 3
1 723 598 6 -4
1 723 294 3 -2
2 741 105 5 2
1 744 403 3 -1
1 753 4 2 -3
1 770 433 4 1
1 776 183 1 4
2 794 63 6 2
1 796 521 4 2
1 803 250 3 -4
1 827 55 2 1
1 831 251 3 -5
1 832 468 1 -2
2 840 407 4 1
2 853 420 3 4
2 853 226 3 4
2 868 534 2 2
2 874 370 6 3
2 889 380 5 -3
1 897 25 3 0
2 900 456 1 2
1 906 427 6 -2
1 918 27 4 -2
2 929 269 2 -4
1 948 30 4 0
2 982 357 3 -2
1 982 463 5 -5
1 989 454 3 -1
1 1008 3 4 -4
1 1024 487 6 3
2 1025 161 1 1
2 1049 342 3 1
1 1051 242 4 1
1 1059 588 5 -4
1 1066 327 5 3
2 1085 335 1 2
2 1090 559 6 -2
2 1100 113 1 -2
1 1111 296 1 0
1 1127 465 5 4
2 1137 218 4 -3
1 1137 151 4 2
1 1151 92 5 2
2 1173 32 5 -2
2 1191 409 4 -3
1 1202 68 2 -4
1 1203 483 4 -4
1 1216 5 6 4
1 1240 423 6 1
2 1252 313 3 3
1 1263 369 2 1
1 1264 324 3 3
1 1274 163 1 0
1 1300 580 1 1
2 1305 389 2 2
2 1310 316 5 -4
2 1310 453 6 -4
1 1312 284 4 4
1 1317 33 4 -2
2 1319 471 4 -2
1 1332 196 5 2
1 1348 321 3 -5
1 1380 245 5 1
1 1387 149 3 -4
2 1387 45 6 2
1 1387 355 6 -3
1 1405 71 5 -5
2 1424 495 2 3
2 1442 93 4 -5
1 1448 166 2 2
1 1466 198 2 -4
1 1467 421 3 -2
1 1484 315 3 4
2 1493 8 2 -1
1 1507 124 5 3
1 1521 34 6 -1
2 1536 553 1 3
1 1555 585 5 4
2 1567 229 4 -3
2 1578 252 6 2
2 1592 8 1 -1
1 1606 101 2 3
1 1619 300 4 3
1 1638 107 5 0
1 1642 8 3 3
1 1652 361 2 -2
1 1663 437 2 1
2 1665 117 2 2
2 1671 291 3 -5
2 1672 150 4 0
2 1677 315 5 1
1 1690 289 3 -5
2 1708 400 2 2
1 1718 113 6 4
2 1735 200 5 1
2 1757 11 4 4
1 1761 369 6 1
1 1765 110 6 -3
2 1795 301 4 4
1
decors/bonus2/description
1
1 900 400 1 0
